% -------------------------------------------------------------------
%  Generated by MATLAB on 24-Nov-2020 16:02:16
%  MATLAB version: 9.2.0.556344 (R2017a)
% -------------------------------------------------------------------
                                               

A = [1 2 3 5 4 6 3];

ans = [2 5];

c = 0;

count = 0;

i = 8;

j = 19;

k = 0;

n = 1;

p = [2 3 5 7 11 13 17 19];

po = [2 0 1 0 0 0 0 0];

pow = 0;

q = [0 6 2 3];

r = [16 103 16 7 2 1];

r0 = 16;

r1 = 103;

s = [1 0 1 -6 13 -45];

t = 9;

